function R = meyecv2gl()

R = [1 0 0 0; 0 -1 0 0; 0 0 -1 0; 0 0 0 1];